OFF
422 609 0
0.084089 -0.136737 0.324646
0.043520 -0.138714 0.313957
0.053478 -0.130718 0.357199
0.060000 -0.202994 0.345809
0.089685 -0.140332 0.288706
0.070402 -0.144511 0.266107
0.058211 -0.139090 0.295420
0.072000 -0.209044 0.296589
0.097050 -0.141021 0.251978
0.097050 -0.147022 0.219528
0.065700 -0.144022 0.235752
0.085500 -0.203021 0.246662
0.122138 -0.146155 0.191216
0.096682 -0.150783 0.166185
0.085226 -0.144072 0.202481
0.100500 -0.196999 0.196735
0.136753 -0.150421 0.143392
0.120253 -0.155618 0.115289
0.101353 -0.150170 0.144754
0.118500 -0.196220 0.143200
0.152955 -0.157219 0.081877
0.121946 -0.159272 0.070778
0.126728 -0.152889 0.105296
0.133500 -0.194622 0.094091
0.170389 -0.158902 0.039779
0.139211 -0.162174 0.022079
0.137700 -0.155153 0.060054
0.148500 -0.217554 0.052569
0.174000 -0.169979 -0.028381
0.147000 -0.169979 -0.028381
0.160500 -0.165315 -0.003158
0.160500 -0.206611 -0.011997
-0.043520 -0.138714 0.313957
-0.084089 -0.136737 0.324646
-0.053478 -0.130718 0.357199
-0.060000 -0.202994 0.345809
-0.070402 -0.144511 0.266107
-0.089685 -0.140332 0.288706
-0.058211 -0.139090 0.295420
-0.072000 -0.209044 0.296589
-0.097050 -0.147022 0.219528
-0.097050 -0.141021 0.251978
-0.065700 -0.144022 0.235752
-0.085500 -0.203021 0.246662
-0.096682 -0.150783 0.166185
-0.122138 -0.146155 0.191216
-0.085226 -0.144072 0.202481
-0.100500 -0.196999 0.196735
-0.120253 -0.155618 0.115289
-0.136753 -0.150421 0.143392
-0.101353 -0.150170 0.144754
-0.118500 -0.196220 0.143200
-0.121946 -0.159272 0.070778
-0.152955 -0.157219 0.081877
-0.126728 -0.152889 0.105296
-0.133500 -0.194622 0.094091
-0.139211 -0.162174 0.022079
-0.170389 -0.158902 0.039779
-0.137700 -0.155153 0.060054
-0.148500 -0.217554 0.052569
-0.147000 -0.169979 -0.028381
-0.174000 -0.169979 -0.028381
-0.160500 -0.165315 -0.003158
-0.160500 -0.206611 -0.011997
0.018000 -0.164726 0.428568
-0.018000 -0.164726 0.428568
0.000000 -0.179999 0.459169
0.000000 -0.232090 0.409028
0.058500 -0.204447 0.506248
0.027000 -0.082028 0.463782
0.036000 -0.066843 0.390804
0.051000 -0.085826 0.368992
0.063900 -0.076517 0.287339
0.045000 -0.044994 0.276323
0.060000 -0.000145 0.073386
0.180000 -0.155593 -0.000074
0.075600 -0.133413 0.355825
-0.058500 -0.204447 0.506248
-0.027000 -0.082028 0.463782
-0.036000 -0.066843 0.390804
-0.051000 -0.085826 0.368992
-0.063900 -0.076517 0.287339
-0.045000 -0.044994 0.276323
-0.060000 -0.000145 0.073386
-0.180000 -0.155593 -0.000074
-0.075600 -0.133413 0.355825
0.000000 -0.087766 0.473995
0.021000 -0.073231 0.417307
0.000000 -0.073231 0.417307
-0.021000 -0.073231 0.417307
0.021000 -0.066843 0.390804
-0.021000 -0.066843 0.390804
0.047400 -0.037035 0.255021
-0.047400 -0.037035 0.255021
0.000000 -0.033151 0.234778
-0.016500 -0.020777 0.172998
0.000000 -0.003429 0.096875
0.016500 -0.020777 0.172998
0.000000 0.171857 0.137379
0.021000 0.004797 0.380609
-0.021000 0.004797 0.380609
0.021000 0.002910 0.287907
-0.021000 0.002910 0.287907
0.021000 -0.018154 0.368683
-0.021000 -0.018154 0.368683
0.021000 -0.012762 0.305448
-0.021000 -0.012762 0.305448
0.070500 -0.207848 0.517555
0.084000 -0.133413 0.355825
0.190500 -0.155593 -0.000074
0.070500 -0.216587 0.511543
0.084000 -0.145803 0.358116
0.190500 -0.169163 0.002435
-0.070500 -0.207848 0.517555
-0.084000 -0.133413 0.355825
-0.190500 -0.155593 -0.000074
-0.070500 -0.216587 0.511543
-0.084000 -0.145803 0.358116
-0.190500 -0.169163 0.002435
0.060000 0.019490 0.026129
0.180000 -0.142368 -0.019300
0.203700 -0.232854 -0.129179
-0.060000 0.019490 0.026129
-0.180000 -0.142368 -0.019300
-0.203700 -0.232854 -0.129179
0.072000 0.021835 0.038814
0.199200 -0.151220 -0.009425
-0.072000 0.021835 0.038814
-0.199200 -0.151220 -0.009425
0.060000 0.019490 0.026129
0.180000 -0.142368 -0.019300
0.203700 -0.232854 -0.129179
0.203700 -0.258491 -0.267828
0.222900 -0.223080 -0.315563
0.222900 -0.248444 -0.452737
0.203700 -0.187424 -0.541817
0.170100 -0.006250 -0.497520
0.150000 0.055544 -0.417420
0.150000 0.072999 -0.323020
0.167700 0.025563 -0.249571
0.204000 -0.075569 -0.384024
0.183600 -0.103492 -0.272692
0.165000 -0.130822 -0.169706
0.192000 -0.186382 -0.075839
0.156000 -0.092238 -0.116128
0.126000 -0.065776 0.002233
0.138000 0.002362 -0.066501
0.113400 0.075327 -0.046433
0.158700 0.044000 -0.149861
0.150000 0.113472 -0.104131
0.150000 0.094218 -0.208265
0.150000 0.152894 -0.435420
0.150000 0.093972 -0.470288
-0.060000 0.019490 0.026129
-0.180000 -0.142368 -0.019300
-0.203700 -0.232854 -0.129179
-0.203700 -0.258491 -0.267828
-0.222900 -0.223080 -0.315563
-0.222900 -0.248444 -0.452737
-0.203700 -0.187424 -0.541817
-0.170100 -0.006250 -0.497520
-0.150000 0.055544 -0.417420
-0.150000 0.072999 -0.323020
-0.167700 0.025563 -0.249571
-0.204000 -0.075569 -0.384024
-0.183600 -0.103492 -0.272692
-0.165000 -0.130822 -0.169706
-0.192000 -0.186382 -0.075839
-0.156000 -0.092238 -0.116128
-0.126000 -0.065776 0.002233
-0.168000 0.002362 -0.066501
-0.113400 0.075327 -0.046433
-0.158700 0.044000 -0.149861
-0.150000 0.113472 -0.104131
-0.150000 0.094218 -0.208265
-0.150000 0.152894 -0.435420
-0.150000 0.093972 -0.470288
0.028500 0.012290 -0.012811
0.116700 0.113472 -0.104131
0.028500 0.073353 -0.096712
-0.028500 0.012290 -0.012811
-0.028500 0.073353 -0.096712
-0.116700 0.113472 -0.104131
0.028500 0.019490 0.026129
-0.028500 0.019490 0.026129
0.150000 0.156247 -0.112040
0.116700 0.156247 -0.112040
-0.116700 0.156247 -0.112040
-0.150000 0.156247 -0.112040
0.150000 0.105727 -0.146021
-0.150000 0.105727 -0.146021
0.116700 -0.187424 -0.541817
0.116700 -0.248444 -0.452737
0.116700 0.055544 -0.417420
0.116700 0.093972 -0.470288
0.116700 0.152894 -0.435420
0.116700 0.072999 -0.323020
-0.116700 -0.187424 -0.541817
-0.116700 -0.248444 -0.452737
-0.116700 0.055544 -0.417420
-0.116700 0.093972 -0.470288
-0.116700 0.152894 -0.435420
-0.116700 0.072999 -0.323020
0.116700 0.105727 -0.146021
-0.116700 0.105727 -0.146021
0.222900 -0.275330 -0.416647
0.222900 -0.301655 -0.435271
0.222900 -0.343180 -0.404102
0.222900 -0.337944 -0.375782
0.222900 -0.288019 -0.361521
0.225000 -0.306637 -0.396214
0.195000 -0.275330 -0.416647
0.195000 -0.301655 -0.435271
0.195000 -0.309255 -0.410374
0.195000 -0.337944 -0.375782
0.195000 -0.288019 -0.361521
-0.195000 -0.275330 -0.416647
-0.195000 -0.301655 -0.435271
-0.195000 -0.343180 -0.404102
-0.195000 -0.337944 -0.375782
-0.195000 -0.288019 -0.361521
-0.222900 -0.275330 -0.416647
-0.222900 -0.301655 -0.435271
-0.222900 -0.343180 -0.404102
-0.222900 -0.304019 -0.382055
-0.222900 -0.288019 -0.361521
-0.225000 -0.306637 -0.396214
0.195000 -0.248444 -0.452737
0.195000 -0.223080 -0.315563
-0.195000 -0.248444 -0.452737
-0.195000 -0.223080 -0.315563
0.138000 0.013741 -0.165012
0.138000 -0.005687 -0.237081
0.138000 -0.075055 -0.265746
0.138000 -0.115159 -0.235144
0.138000 -0.130822 -0.169706
0.138000 -0.092238 -0.116128
0.138000 -0.027451 -0.112243
0.060000 -0.063500 -0.170255
-0.138000 0.013741 -0.165012
-0.138000 -0.005687 -0.237081
-0.138000 -0.075055 -0.265746
-0.138000 -0.115159 -0.235144
-0.138000 -0.130822 -0.169706
-0.138000 -0.092238 -0.116128
-0.138000 -0.027451 -0.112243
-0.060000 -0.063500 -0.170255
0.276000 0.389229 -0.906239
0.285000 0.349954 -0.714400
0.225000 0.073545 -0.320070
0.167700 0.025563 -0.249571
0.158700 0.044000 -0.149861
0.150000 0.113472 -0.104131
0.150000 0.156247 -0.112040
0.195000 0.203299 -0.179316
0.202500 0.184863 -0.279026
0.276000 0.380373 -0.681889
0.288000 0.363825 -0.697134
0.232500 0.120956 -0.302905
0.217500 0.103000 -0.160771
0.225000 0.145775 -0.168680
0.250500 0.349954 -0.714400
0.117000 0.073545 -0.320070
0.117000 0.120956 -0.302905
0.256500 0.363825 -0.697134
0.000000 0.156247 -0.112040
0.000000 0.179699 -0.174953
0.045000 0.179254 -0.225209
0.000000 0.161263 -0.274662
0.150000 0.184863 -0.279026
0.150000 0.203299 -0.179316
0.000000 0.113472 -0.104131
0.000000 0.073545 -0.320070
0.000000 0.411124 -0.268083
-0.276000 0.389229 -0.906239
-0.285000 0.349954 -0.714400
-0.225000 0.073545 -0.320070
-0.167700 0.025563 -0.249571
-0.158700 0.044000 -0.149861
-0.150000 0.113472 -0.104131
-0.150000 0.156247 -0.112040
-0.195000 0.203299 -0.179316
-0.202500 0.184863 -0.279026
-0.276000 0.380373 -0.681889
-0.288000 0.363825 -0.697134
-0.232500 0.120956 -0.302905
-0.217500 0.103000 -0.160771
-0.225000 0.145775 -0.168680
-0.250500 0.349954 -0.714400
-0.117000 0.073545 -0.320070
-0.117000 0.120956 -0.302905
-0.256500 0.363825 -0.697134
0.000000 0.156247 -0.112040
0.000000 0.179699 -0.174953
-0.045000 0.179254 -0.225209
0.000000 0.161263 -0.274662
-0.150000 0.184863 -0.279026
-0.150000 0.203299 -0.179316
0.000000 0.113472 -0.104131
0.000000 0.073545 -0.320070
-0.015000 -0.272739 0.335729
0.015000 -0.272739 0.335729
0.000000 -0.282264 0.362590
0.000000 -0.233836 0.360665
-0.077771 -0.276989 0.308619
-0.048793 -0.275578 0.316254
-0.070659 -0.271278 0.339507
-0.066000 -0.224289 0.313137
-0.087240 -0.270343 0.262066
-0.061260 -0.267615 0.276816
-0.088500 -0.264491 0.293711
-0.079500 -0.223076 0.270200
-0.109500 -0.268567 0.222171
-0.079500 -0.268567 0.222171
-0.094500 -0.263385 0.250196
-0.094500 -0.216508 0.223223
-0.107990 -0.267147 0.163851
-0.088706 -0.262969 0.186450
-0.124547 -0.261061 0.196767
-0.108000 -0.204585 0.172205
-0.112500 -0.259745 0.121387
-0.112500 -0.254290 0.150887
-0.141000 -0.257017 0.136137
-0.123000 -0.212767 0.127955
-0.153000 -0.252086 0.080310
-0.123000 -0.252086 0.080310
-0.138000 -0.246904 0.108335
-0.138000 -0.205927 0.082453
-0.164105 -0.250376 0.023557
-0.130276 -0.248137 0.035664
-0.158888 -0.243413 0.061212
-0.151500 -0.214654 0.035253
-0.162833 -0.260581 -0.031633
-0.137378 -0.255953 -0.006603
-0.178319 -0.253137 0.008625
-0.160500 -0.226877 -0.014352
0.048793 -0.275578 0.316254
0.077771 -0.276989 0.308619
0.070659 -0.271278 0.339507
0.066000 -0.224289 0.313137
0.061260 -0.267615 0.276816
0.087240 -0.270343 0.262066
0.088500 -0.264491 0.293711
0.079500 -0.223076 0.270200
0.079500 -0.268567 0.222171
0.109500 -0.268567 0.222171
0.094500 -0.263385 0.250196
0.094500 -0.216508 0.223223
0.088706 -0.262969 0.186450
0.107990 -0.267147 0.163851
0.124547 -0.261061 0.196767
0.108000 -0.204585 0.172205
0.112500 -0.254290 0.150887
0.112500 -0.259745 0.121387
0.141000 -0.257017 0.136137
0.123000 -0.212767 0.127955
0.123000 -0.252086 0.080310
0.153000 -0.252086 0.080310
0.138000 -0.246904 0.108335
0.138000 -0.205927 0.082453
0.130276 -0.248137 0.035664
0.164105 -0.250376 0.023557
0.158888 -0.243413 0.061212
0.151500 -0.214654 0.035253
0.137378 -0.255953 -0.006603
0.162833 -0.260581 -0.031633
0.178319 -0.253137 0.008625
0.160500 -0.226877 -0.014352
0.195000 -0.352000 -0.473251
0.222900 -0.352000 -0.473251
0.222900 -0.318468 -0.440400
0.222900 -0.354101 -0.421913
0.222900 -0.352312 -0.370989
0.222900 -0.319061 -0.351205
0.222900 -0.342600 -0.326717
0.203700 -0.279141 -0.264010
0.203700 -0.277104 -0.120997
0.190500 -0.237102 0.021098
0.108900 -0.260276 0.267011
0.075600 -0.269797 0.367314
0.060000 -0.310680 0.406907
-0.060000 -0.310680 0.406907
-0.075600 -0.269797 0.367314
-0.108900 -0.260276 0.267011
-0.190500 -0.237102 0.021098
-0.203700 -0.277104 -0.120997
-0.203700 -0.279141 -0.264010
-0.222900 -0.342600 -0.326717
-0.222900 -0.319061 -0.351205
-0.222900 -0.352312 -0.370989
-0.222900 -0.354101 -0.421913
-0.222900 -0.318468 -0.440400
-0.222900 -0.352000 -0.473251
-0.195000 -0.352000 -0.473251
0.195000 -0.318468 -0.440400
0.195000 -0.354101 -0.421913
0.195000 -0.352312 -0.370989
0.195000 -0.319061 -0.351205
0.195000 -0.342600 -0.326717
0.174000 -0.279141 -0.264010
0.153000 -0.277104 -0.120997
0.129600 -0.237102 0.021098
0.045000 -0.262803 0.319343
-0.045000 -0.262803 0.319343
-0.129600 -0.237102 0.021098
-0.153000 -0.277104 -0.120997
-0.174000 -0.279141 -0.264010
-0.195000 -0.342600 -0.326717
-0.195000 -0.319061 -0.351205
-0.195000 -0.352312 -0.370989
-0.195000 -0.354101 -0.421913
-0.195000 -0.318468 -0.440400
0.207000 -0.415461 -0.410567
0.213000 -0.413494 -0.371880
0.188700 -0.376491 -0.246010
0.156900 -0.297577 0.032280
0.060000 -0.296953 0.349149
-0.060000 -0.296953 0.349149
-0.156900 -0.297577 0.032280
-0.188700 -0.376491 -0.246010
-0.213000 -0.415130 -0.380730
-0.207000 -0.415461 -0.410567
3 3 1 0
3 3 2 1
3 3 0 2
3 7 5 4
3 7 6 5
3 7 4 6
3 11 9 8
3 11 10 9
3 11 8 10
3 15 13 12
3 15 14 13
3 15 12 14
3 19 17 16
3 19 18 17
3 19 16 18
3 23 21 20
3 23 22 21
3 23 20 22
3 27 25 24
3 27 26 25
3 27 24 26
3 31 29 28
3 31 30 29
3 31 28 30
3 35 33 32
3 35 34 33
3 35 32 34
3 39 37 36
3 39 38 37
3 39 36 38
3 43 41 40
3 43 42 41
3 43 40 42
3 47 45 44
3 47 46 45
3 47 44 46
3 51 49 48
3 51 50 49
3 51 48 50
3 55 53 52
3 55 54 53
3 55 52 54
3 59 57 56
3 59 58 57
3 59 56 58
3 63 61 60
3 63 62 61
3 63 60 62
3 67 65 64
3 67 66 65
3 67 64 66
3 69 71 70
3 80 78 79
3 86 68 69
3 78 86 69
3 69 87 88
3 92 94 93
3 97 74 96
3 74 83 96
3 95 96 83
3 100 104 89
3 104 101 89
3 126 121 120
3 128 123 124
3 83 115 84
3 74 75 109
3 74 109 126
3 83 128 115
3 149 148 150
3 142 131 132
3 144 130 143
3 172 173 174
3 155 166 156
3 169 170 168
3 147 149 178
3 173 171 182
3 135 191 136
3 197 159 160
3 149 189 185
3 182 204 187
3 203 178 186
3 190 173 188
3 133 205 134
3 213 214 215
3 206 213 212
3 214 207 208
3 218 220 219
3 221 157 158
3 225 226 224
3 224 226 223
3 238 237 236
3 234 140 233
3 141 140 234
3 146 236 237
3 146 144 236
3 246 244 245
3 164 242 241
3 164 165 242
3 256 257 247
3 257 248 247
3 252 251 259
3 248 261 247
3 266 267 273
3 267 268 273
3 267 266 270
3 268 255 263
3 283 284 274
3 284 275 274
3 279 278 286
3 275 288 274
3 293 294 273
3 294 295 273
3 294 293 297
3 295 282 290
3 303 301 300
3 303 302 301
3 303 300 302
3 307 305 304
3 307 306 305
3 307 304 306
3 311 309 308
3 311 310 309
3 311 308 310
3 315 313 312
3 315 314 313
3 315 312 314
3 319 317 316
3 319 318 317
3 319 316 318
3 323 321 320
3 323 322 321
3 323 320 322
3 327 325 324
3 327 326 325
3 327 324 326
3 331 329 328
3 331 330 329
3 331 328 330
3 335 333 332
3 335 334 333
3 335 332 334
3 339 337 336
3 339 338 337
3 339 336 338
3 343 341 340
3 343 342 341
3 343 340 342
3 347 345 344
3 347 346 345
3 347 344 346
3 351 349 348
3 351 350 349
3 351 348 350
3 355 353 352
3 355 354 353
3 355 352 354
3 359 357 356
3 359 358 357
3 359 356 358
3 363 361 360
3 363 362 361
3 363 360 362
3 367 365 364
3 367 366 365
3 367 364 366
3 379 378 402
3 382 403 383
3 380 416 379
3 379 416 378
3 376 414 375
3 374 372 373
3 389 387 388
3 383 417 382
3 382 417 381
3 407 409 408
3 413 414 398
3 396 398 397
3 68 108 76
3 68 107 108
3 108 75 76
3 108 109 75
3 107 111 108
3 107 110 111
3 108 112 109
3 108 111 112
3 114 77 85
3 114 113 77
3 114 84 115
3 114 85 84
3 117 113 114
3 117 116 113
3 118 114 115
3 118 117 114
3 107 68 77
3 113 107 77
3 110 107 113
3 116 110 113
3 120 123 122
3 119 120 122
3 121 124 123
3 120 121 123
3 131 155 167
3 143 131 167
3 143 167 154
3 130 143 154
3 130 154 169
3 145 130 169
3 145 169 153
3 129 145 153
3 372 412 371
3 372 413 412
3 390 420 389
3 390 421 420
3 409 421 410
3 409 420 421
3 412 396 395
3 412 413 396
3 380 381 417
3 416 380 417
3 417 403 402
3 416 417 402
3 395 368 412
3 395 394 368
3 399 414 400
3 399 398 414
3 400 415 401
3 400 414 415
3 402 415 416
3 402 401 415
3 393 410 421
3 393 411 410
3 420 407 419
3 420 409 407
3 419 406 405
3 419 407 406
3 418 405 404
3 418 419 405
3 418 403 417
3 418 404 403
3 418 383 384
3 418 417 383
3 418 385 419
3 418 384 385
3 419 386 387
3 419 385 386
3 420 387 389
3 420 419 387
3 390 392 421
3 390 391 392
3 371 369 370
3 371 412 369
3 413 374 414
3 413 372 374
3 415 376 377
3 415 414 376
3 415 378 416
3 415 377 378
3 393 392 391
3 411 393 391
3 411 391 390
3 410 411 390
3 410 390 389
3 409 410 389
3 409 389 388
3 408 409 388
3 408 388 387
3 407 408 387
3 407 387 386
3 406 407 386
3 406 386 385
3 405 406 385
3 405 385 384
3 404 405 384
3 404 384 383
3 403 404 383
3 369 368 394
3 370 369 394
3 370 394 395
3 371 370 395
3 371 395 396
3 372 371 396
3 372 396 397
3 373 372 397
3 373 397 398
3 374 373 398
3 375 398 399
3 375 374 398
3 376 399 400
3 376 375 399
3 377 400 401
3 377 376 400
3 401 378 377
3 401 402 378
3 402 403 382
3 379 402 382
3 379 382 381
3 380 379 381
3 290 299 295
3 290 289 299
3 296 281 282
3 296 297 281
3 296 294 297
3 296 295 294
3 281 280 287
3 281 297 280
3 280 293 292
3 280 297 293
3 280 292 298
3 279 280 298
3 288 289 290
3 291 288 290
3 291 290 282
3 283 291 282
3 288 291 283
3 274 288 283
3 288 275 276
3 289 288 276
3 286 287 280
3 279 286 280
3 286 277 276
3 286 278 277
3 286 285 287
3 286 276 285
3 275 284 285
3 276 275 285
3 285 283 282
3 285 284 283
3 287 282 281
3 287 290 282
3 263 272 268
3 263 262 272
3 269 254 255
3 269 270 254
3 269 267 270
3 269 268 267
3 254 253 260
3 254 270 253
3 253 266 265
3 253 270 266
3 253 265 271
3 252 253 271
3 261 262 263
3 264 261 263
3 264 263 255
3 256 264 255
3 261 264 256
3 247 261 256
3 261 248 249
3 262 261 249
3 259 260 253
3 252 259 253
3 259 250 249
3 259 251 250
3 259 258 260
3 259 249 258
3 248 257 258
3 249 248 258
3 258 256 255
3 258 257 256
3 260 255 254
3 260 263 255
3 172 245 170
3 172 239 245
3 168 170 245
3 244 168 245
3 243 168 244
3 243 166 168
3 242 166 243
3 242 165 166
3 241 240 163
3 164 241 163
3 163 239 172
3 163 240 239
3 239 246 245
3 239 240 246
3 240 241 242
3 246 240 242
3 246 243 244
3 246 242 243
3 237 148 146
3 237 231 148
3 144 235 236
3 144 142 235
3 142 234 235
3 142 141 234
3 233 140 139
3 232 233 139
3 231 139 148
3 231 232 139
3 231 238 232
3 231 237 238
3 238 235 234
3 238 236 235
3 234 233 232
3 238 234 232
3 230 157 225
3 220 230 225
3 220 225 224
3 219 220 224
3 219 224 223
3 218 219 223
3 218 223 222
3 217 218 222
3 217 222 221
3 216 217 221
3 216 221 158
3 229 216 158
3 221 225 157
3 221 226 225
3 226 222 223
3 226 221 222
3 218 217 216
3 220 218 216
3 220 216 229
3 230 220 229
3 133 228 215
3 209 133 215
3 209 215 214
3 208 209 214
3 207 213 206
3 207 214 213
3 206 212 211
3 205 206 211
3 205 211 227
3 134 205 227
3 213 215 211
3 212 213 211
3 215 228 227
3 211 215 227
3 210 208 207
3 210 209 208
3 210 206 205
3 210 207 206
3 209 205 133
3 209 210 205
3 190 188 187
3 204 190 187
3 203 186 185
3 189 203 185
3 156 155 131
3 132 156 131
3 157 156 132
3 133 157 132
3 158 157 133
3 134 158 133
3 193 195 194
3 193 196 195
3 193 194 191
3 192 193 191
3 197 200 199
3 198 197 199
3 199 201 202
3 199 200 201
3 198 199 193
3 192 198 193
3 204 182 178
3 203 204 178
3 162 190 189
3 138 162 189
3 199 202 196
3 193 199 196
3 175 162 202
3 201 175 202
3 195 196 138
3 151 195 138
3 176 175 201
3 200 176 201
3 194 195 151
3 152 194 151
3 160 176 200
3 197 160 200
3 194 152 136
3 191 194 136
3 198 158 159
3 197 198 159
3 135 192 191
3 135 134 192
3 182 187 188
3 173 182 188
3 149 185 186
3 178 149 186
3 184 182 171
3 153 184 171
3 147 178 183
3 129 147 183
3 170 153 171
3 170 169 153
3 154 168 167
3 154 169 168
3 167 166 155
3 167 168 166
3 156 165 157
3 156 166 165
3 157 164 158
3 157 165 164
3 159 164 160
3 159 158 164
3 160 161 176
3 160 164 161
3 175 161 162
3 175 176 161
3 164 163 162
3 161 164 162
3 174 163 172
3 174 162 163
3 171 172 170
3 171 173 172
3 179 177 183
3 178 179 183
3 181 182 184
3 180 181 184
3 177 179 181
3 180 177 181
3 183 177 180
3 184 183 180
3 129 146 147
3 129 145 146
3 144 145 130
3 144 146 145
3 142 143 131
3 142 144 143
3 141 132 133
3 141 142 132
3 140 133 134
3 140 141 133
3 140 135 136
3 140 134 135
3 137 136 152
3 137 140 136
3 137 151 138
3 137 152 151
3 140 137 138
3 139 140 138
3 139 150 148
3 139 138 150
3 148 147 146
3 148 149 147
3 111 110 116
3 117 111 116
3 118 115 128
3 124 118 128
3 126 109 112
3 121 126 112
3 123 128 127
3 122 123 127
3 120 119 125
3 126 120 125
3 119 122 127
3 125 119 127
3 125 127 83
3 74 125 83
3 117 118 112
3 111 117 112
3 106 100 102
3 106 104 100
3 82 102 93
3 82 106 102
3 101 73 92
3 101 105 73
3 99 105 101
3 99 103 105
3 90 103 99
3 87 90 99
3 82 73 105
3 106 82 105
3 106 105 103
3 104 106 103
3 104 103 90
3 91 104 90
3 92 93 102
3 101 92 102
3 101 102 100
3 99 101 100
3 99 100 89
3 87 99 89
3 96 95 94
3 98 96 94
3 96 98 94
3 97 96 94
3 93 95 83
3 93 94 95
3 92 97 94
3 92 74 97
3 89 79 78
3 89 91 79
3 70 87 69
3 70 90 87
3 88 78 69
3 88 89 78
3 82 81 72
3 73 82 72
3 81 80 71
3 72 81 71
3 80 79 70
3 71 80 70
3 77 86 78
3 77 68 86
3 81 85 80
3 81 84 85
3 83 81 82
3 83 84 81
3 78 85 77
3 78 80 85
3 72 74 73
3 72 75 74
3 76 72 71
3 76 75 72
3 76 69 68
3 76 71 69